-0.0714335
-0.0728621
-0.0742907
-0.0757193
-0.0771479
-0.0785765
-0.0800051
-0.0814337
-0.0828623
-0.0842909
0.671441
0.671441
0.671441
0.671441
0.671441
0.671441
0.671441
0.671441
0.671441
0.671441
0.671441
0.671441
0.671441
0.671441
0.671441
0.671441
0.671441
0.671441
0.671441
0.671441
0.671441
0.671441
0.671441
0.671441
0.671441
0.671441
0.671441
0.671441
0.671441
0.671441
0.671441
-0.528577
-0.285721
-0.285721
-0.285721
-0.285721
-0.285721
-0.285721
-0.285721
-0.285721
-0.285721
-0.285721
-0.170004
-0.168575
-0.167147
-0.165718
-0.164289
-0.162861
-0.161432
-0.160004
-0.158575
-0.157146
0.64144
0.640011
0.638583
0.637154
0.635726
0.634297
0.632868
0.63144
0.630011
0.614296
0.614296
0.614296
0.614296
0.614296
0.614296
0.614296
0.614296
0.614296
0.614296
0.614296
0.6104
0.606504
0.602608
0.598712
0.594815
0.590919
0.587023
0.583127
0.579231
0.575335
0.571438
0.57001
0.568581
0.567153
0.565724
0.564295
0.562867
0.561438
0.56001
0.558581
0.557152
0.555724
0.554295
0.552867
0.551438
0.550009
0.548581
0.547152
0.545723
0.544295
0.542866
0.541438
0.540009
0.53858
0.537152
0.535723
0.534295
0.532866
0.531437
0.530009
0.52858
0.526539
0.524499
0.522458
0.520417
0.518376
0.516335
0.514294
0.512253
0.510212
0.508172
0.506131
0.50409
0.502049
0.500008
0.497967
0.495926
0.493886
0.491845
0.489804
0.487763
0.485722
0.484294
0.482865
0.481436
0.480008
0.478579
0.47715
0.475722
0.474293
0.472865
0.471436
0.470075
0.468715
0.467354
0.465994
0.464633
0.463272
0.461912
0.460551
0.459191
0.45783
0.45647
0.455109
0.453749
0.452388
0.451027
0.449667
0.448306
0.446946
0.445585
0.444225
0.428578
0.427149
0.425721
0.424292
0.422864
0.421435
0.420006
0.418578
0.417149
0.415721
0.414292
0.412863
0.411435
0.410006
0.408578
0.407149
0.40572
0.404292
0.402863
0.401434
0.400006
0.400006
0.400006
0.400006
0.400006
0.400006
0.400006
0.400006
0.400006
0.400006
0.38572
0.384421
0.383122
0.381824
0.380525
0.379226
0.377927
0.376629
0.37533
0.374031
0.372733
0.371434
0.370005
0.368577
0.367148
0.365719
0.364291
0.362862
0.361434
0.360005
0.358576
0.357148
0.357148
0.357148
0.357148
0.357148
0.357148
0.357148
0.357148
0.357148
0.357148
0.4
0.4
0.4
0.4
0.4
0.4
0.4
0.4
0.4
0.4
0.442855
0.442855
0.442855
0.442855
0.442855
0.442855
0.442855
0.442855
0.442855
0.442855
0.442855
0.571421
0.571421
0.571421
0.571421
0.571421
0.571421
0.571421
0.571421
0.571421
0.571421
0.614277
0.615705
0.617133
0.618562
0.61999
0.621419
0.622847
0.624276
0.625704
0.627133
0.699987
0.699987
0.699987
0.699987
0.699987
0.699987
0.699987
0.699987
0.699987
0.699987
0.714272
0.714272
0.714272
0.714272
0.714272
0.714272
0.714272
0.714272
0.714272
0.714272
0.714272
0.714272
0.714272
0.714272
0.714272
0.714272
0.714272
0.714272
0.714272
0.714272
0.714272
0.714272
0.714272
0.714272
0.714272
0.714272
0.714272
0.714272
0.714272
0.714272
0.714272
0.714272
0.714272
0.714272
0.714272
0.714272
0.714272
0.714272
0.714272
0.714272
0.714272
-0.957083
-0.957083
-0.957083
-0.957083
-0.957083
-0.957083
-0.957083
-0.957083
-0.957083
-0.957083
-0.957083
-0.957083
-0.94137
-0.939941
-0.938513
-0.937084
-0.935656
-0.934227
-0.932799
-0.93137
-0.929942
-0.928513
-0.928513
-0.928513
-0.928513
-0.928513
-0.928513
-0.928513
-0.928513
-0.928513
-0.928513
-0.928513
-0.914228
-0.914228
-0.914228
-0.914228
-0.914228
-0.914228
-0.914228
-0.914228
-0.914228
-0.914228
-0.899943
-0.899943
-0.899943
-0.899943
-0.899943
-0.899943
-0.899943
-0.899943
-0.899943
-0.899943
-0.899943
-0.899943
-0.899943
-0.899943
-0.899943
-0.899943
-0.899943
-0.899943
-0.899943
-0.899943
-0.899943
-0.684238
-0.68281
-0.681381
-0.679953
-0.678524
-0.677096
-0.675667
-0.674239
-0.67281
-0.671382
-0.255686
-0.254257
-0.252829
-0.2514
-0.249971
-0.248543
-0.247114
-0.245686
-0.244257
-0.242829
-0.214259
-0.214259
-0.214259
-0.214259
-0.214259
-0.214259
-0.214259
-0.214259
-0.214259
-0.214259
-0.214259
-0.157118
-0.157118
-0.157118
-0.157118
-0.157118
-0.157118
-0.157118
-0.157118
-0.157118
-0.157118
-0.128548
-0.128548
-0.128548
-0.128548
-0.128548
-0.128548
-0.128548
-0.128548
-0.128548
-0.128548
-0.0842645
-0.082836
-0.0814075
-0.079979
-0.0785505
-0.077122
-0.0756935
-0.0742649
-0.0728364
-0.0714079
-0.346764
-0.350661
-0.354557
-0.358453
-0.362349
-0.366245
-0.370142
-0.374038
-0.377934
-0.38183
-0.385726
-0.388584
-0.391441
-0.394298
-0.397155
-0.400012
-0.40287
-0.405727
-0.408584
-0.411441
-0.414298
-0.415727
-0.417156
-0.418584
-0.420013
-0.421441
-0.42287
-0.424299
-0.425727
-0.427156
-0.428585
-0.430625
-0.432666
-0.434707
-0.436748
-0.438789
-0.44083
-0.442871
-0.444911
-0.446952
-0.448993
-0.451034
-0.453075
-0.455116
-0.457157
-0.459197
-0.461238
-0.463279
-0.46532
-0.467361
-0.469402
-0.471443
-0.4743
-0.477157
-0.480014
-0.482871
-0.485729
-0.488586
-0.491443
-0.4943
-0.497158
-0.500015
-0.502872
-0.505729
-0.508586
-0.511444
-0.514301
-0.517158
-0.520015
-0.522872
-0.52573
-0.528587
-0.530015
-0.531444
-0.532873
-0.534301
-0.53573
-0.537158
-0.538587
-0.540016
-0.541444
-0.557159
-0.558458
-0.559756
-0.561055
-0.562354
-0.563653
-0.564951
-0.56625
-0.567549
-0.568847
-0.570146
-0.571445
-0.571445
-0.571445
-0.571445
-0.571445
-0.571445
-0.571445
-0.571445
-0.571445
-0.571445
-0.571445
-0.572874
-0.574302
-0.575731
-0.577159
-0.578588
-0.580017
-0.581445
-0.582874
-0.584302
-0.585731
-0.585731
-0.585731
-0.585731
-0.585731
-0.585731
-0.585731
-0.585731
-0.585731
-0.585731
-0.585731
-0.585731
-0.585731
-0.585731
-0.585731
-0.585731
-0.585731
-0.585731
-0.585731
-0.585731
-0.585731
-0.585731
-0.585731
-0.585731
-0.585731
-0.585731
-0.585731
-0.585731
-0.585731
-0.585731
-0.585731
-0.585731
-0.585731
-0.585731
-0.585731
-0.585731
-0.585731
-0.585731
-0.585731
-0.585731
-0.585731
-0.585731
-0.585731
-0.585731
-0.585731
-0.585731
-0.585731
-0.585731
-0.585731
-0.585731
-0.585731
-0.585731
-0.585731
-0.585731
-0.585731
-0.585731
-0.585731
-0.585731
-0.585731
-0.585731
-0.585731
-0.585731
-0.571445
-0.570016
-0.568588
-0.567159
-0.565731
-0.564302
-0.562873
-0.561445
-0.560016
-0.558587
-0.557159
-0.55573
-0.554302
-0.552873
-0.551444
-0.550016
-0.548587
-0.547159
-0.54573
-0.544301
-0.542873
-0.540016
-0.537158
-0.534301
-0.531444
-0.528587
-0.52573
-0.522872
-0.520015
-0.517158
-0.514301
-0.510405
-0.506508
-0.502612
-0.498716
-0.49482
-0.490924
-0.487027
-0.483131
-0.479235
-0.475339
-0.471443
-0.468585
-0.465728
-0.462871
-0.460014
-0.457157
-0.454299
-0.451442
-0.448585
-0.445728
-0.442871
-0.440013
-0.437156
-0.434299
-0.431442
-0.428585
-0.425727
-0.42287
-0.420013
-0.417156
-0.414298
-0.412258
-0.410217
-0.408176
-0.406135
-0.404094
-0.402053
-0.400012
-0.397972
-0.395931
-0.39389
-0.391849
-0.389808
-0.387767
-0.385726
-0.383686
-0.381645
-0.379604
-0.377563
-0.375522
-0.373481
-0.37144
-0.368583
-0.365726
-0.362869
-0.360012
-0.357154
-0.354297
-0.35144
-0.348583
-0.345725
-0.342869
-0.339643
-0.336417
-0.333191
-0.329965
-0.326739
-0.323513
-0.320287
-0.317061
-0.313836
-0.31061
-0.307384
-0.304158
-0.300932
-0.297706
-0.29448
-0.291254
-0.288028
-0.284803
-0.281577
-0.278351
-0.275125
-0.271899
-0.268673
-0.265447
-0.262221
-0.258995
-0.25577
-0.252544
-0.249318
-0.246092
-0.242866
-0.240723
-0.23858
-0.236437
-0.234294
-0.232151
-0.230009
-0.227866
-0.225723
-0.22358
-0.221437
0.728571
0.728571
0.728571
0.728571
0.728571
0.728571
0.728571
0.728571
0.728571
0.728571
0.728571
0.728571
0.728571
0.728571
0.728571
0.728571
0.728571
0.728571
0.728571
0.728571
0.728571
0.728571
0.728571
0.728571
0.728571
0.728571
0.728571
0.728571
0.728571
0.728571
0.728571
0.728571
0.728571
0.728571
0.728571
0.728571
0.728571
0.728571
0.728571
0.728571
0.728571
0.728571
0.728571
0.728571
0.728571
0.728571
0.728571
0.728571
0.728571
0.728571
0.728571
0.728571
0.728571
0.728571
0.728571
0.728571
0.728571
0.728571
0.728571
0.728571
0.728571
0.728571
0.728571
0.728571
0.728571
0.728571
0.728571
0.728571
0.728571
0.728571
0.728571
0.728571
0.728571
0.728571
0.728571
0.728571
0.728571
0.728571
0.728571
0.728571
0.728571
0.728571
0.728571
0.728571
0.728571
0.728571
0.728571
0.728571
0.728571
0.728571
0.728571
0.728571
0.742857
0.742857
0.742857
0.742857
0.742857
0.742857
0.742857
0.742857
0.742857
0.742857
0.757143
0.757143
0.757143
0.757143
0.757143
0.757143
0.757143
0.757143
0.757143
0.757143
0.771429
0.772728
0.774027
0.775325
0.776624
0.777923
0.779222
0.78052
0.781819
0.783118
0.784416
0.771429
0.785715
0.785715
0.785715
0.785715
0.785715
0.785715
0.785715
0.785715
0.785715
0.785715
0.107833
0.109677
0.11152
0.113363
0.115207
0.11705
0.118893
0.120737
0.12258
0.124424
0.126267
0.12811
0.129954
0.131797
0.13364
0.135484
0.137327
0.13917
0.141014
0.142857
0.144762
0.146667
0.148572
0.150476
0.152381
0.154286
0.156191
0.158096
0.16
0.161905
0.16381
0.165715
0.16762
0.169524
0.171429
0.173334
0.175239
0.177144
0.179048
0.180953
0.182858
0.184763
0.186668
0.188572
0.190477
0.192382
0.194287
0.196192
0.198096
0.200001
0.202599
0.205196
0.207794
0.210391
0.212989
0.215586
0.218184
0.220781
0.223378
0.225976
0.228573
0.230002
0.231431
0.232859
0.234288
0.235716
0.237145
0.238574
0.240002
0.241431
0.242859
0.245717
0.248574
0.251431
0.254288
0.257145
0.260003
0.26286
0.265717
0.268574
0.271432
0.272792
0.274153
0.275513
0.276874
0.278235
0.279595
0.280956
0.282316
0.283677
0.285037
0.286398
0.287758
0.289119
0.29048
0.29184
0.293201
0.294561
0.295922
0.297282
0.298643
0.300004
0.302861
0.305718
0.308575
0.311432
0.31429
0.317147
0.320004
0.322861
0.325718
0.328576
0.330004
0.331433
0.332861
0.33429
0.335719
0.337147
0.338576
0.340005
0.341433
0.342862
0.34429
0.345719
0.347148
0.348576
0.350005
0.351433
0.352862
0.354291
0.355719
0.357148
0.358447
0.359745
0.361044
0.362343
0.363641
0.36494
0.366239
0.367538
0.368836
0.370135
0.38572
0.387148
0.388577
0.390006
0.391434
0.392863
0.394291
0.39572
0.397149
0.398577
0.400006
0.401434
0.402863
0.404292
0.40572
0.407149
0.408578
0.410006
0.411435
0.412863
0.414292
0.415721
0.417149
0.418578
0.420006
0.421435
0.422864
0.424292
0.425721
0.427149
0.442864
0.444163
0.445462
0.44676
0.448059
0.449358
0.450656
0.451955
0.453254
0.454553
0.455851
0.45715
0.458579
0.460007
0.461436
0.462864
0.464293
0.465722
0.46715
0.468579
0.470007
0.485722
0.485722
0.485722
0.485722
0.485722
0.485722
0.485722
0.485722
0.485722
0.485722
0.45715
0.455721
0.454293
0.452864
0.451436
0.450007
0.448578
0.44715
0.445721
0.444293
0.414292
0.412993
0.411694
0.410396
0.409097
0.407798
0.4065
0.405201
0.403902
0.402603
0.401305
0.38572
0.382863
0.380005
0.377148
0.374291
0.371434
0.368577
0.365719
0.362862
0.360005
0.357148
0.355719
0.354291
0.352862
0.351433
0.350005
0.348576
0.347148
0.345719
0.34429
0.342862
0.341501
0.34014
0.33878
0.337419
0.336059
0.334698
0.333338
0.331977
0.330616
0.329256
0.327895
0.326535
0.325174
0.323814
0.322453
0.321092
0.319732
0.318371
0.317011
0.31565
0.31429
0.312896
0.311502
0.310109
0.308715
0.307321
0.305927
0.304533
0.30314
0.301746
0.300352
0.298958
0.297565
0.296171
0.294777
0.293383
0.29199
0.290596
0.289202
0.287808
0.286415
0.285021
0.283627
0.282233
0.280839
0.279446
0.278052
0.276658
0.275264
0.273871
0.272477
0.271083
0.269689
0.268296
0.266902
0.265508
0.264114
0.262721
0.261327
0.259933
0.258539
0.257145
0.255003
0.25286
0.250717
0.248574
0.246431
0.244288
0.242145
0.240002
0.237859
0.235716
0.233573
0.231431
0.229288
0.227145
0.225002
0.222859
0.220716
0.218573
0.21643
0.214287
0.213135
0.211983
0.210831
0.209679
0.208527
0.207375
0.206223
0.20507
0.203918
0.202766
0.201614
0.200462
0.19931
0.198158
0.197006
0.195854
0.194702
0.193549
0.192397
0.191245
0.190093
0.188941
0.187789
0.186637
0.185485
0.184333
0.183181
0.182028
0.180876
0.179724
0.178572
0.17742
0.176268
0.175116
0.173964
0.172812
0.17166
0.170507
0.169355
0.168203
0.167051
0.165899
0.164747
0.163595
0.162443
0.161291
0.160139
0.158987
0.157834
0.156682
0.15553
0.154378
0.153226
0.152074
0.150922
0.14977
0.148618
0.147466
0.146313
0.145161
0.144009
0.142857
0.141429
0.14
0.138571
0.137143
0.135714
0.134286
0.132857
0.131428
0.13
0.128571
0.127142
0.125714
0.124285
0.122857
0.121428
0.119999
0.118571
0.117142
0.115714
0.114285
0.112856
0.111428
0.109999
0.108571
0.107142
0.105713
0.104285
0.102856
0.101428
0.0999991
-0.514304
-0.514304
-0.514304
-0.514304
-0.514304
-0.514304
-0.514304
-0.514304
-0.514304
-0.514304
-0.500018
-0.500018
-0.500018
-0.500018
-0.500018
-0.500018
-0.500018
-0.500018
-0.500018
-0.500018
-0.671451
-0.671451
-0.671451
-0.671451
-0.671451
-0.671451
-0.671451
-0.671451
-0.671451
-0.671451
-0.671451
-0.757167
-0.600021
-0.600021
-0.600021
-0.600021
-0.600021
-0.600021
-0.600021
-0.600021
-0.600021
-0.600021
-0.584306
-0.582877
-0.581449
-0.58002
-0.578592
-0.577163
-0.575734
-0.574306
-0.572877
-0.571449
0.414299
0.414299
0.414299
0.414299
0.414299
0.414299
0.414299
0.414299
0.414299
0.414299
0.428585
0.428585
0.428585
0.428585
0.428585
0.428585
0.428585
0.428585
0.428585
0.428585
0.442871
0.442871
0.442871
0.442871
0.442871
0.442871
0.442871
0.442871
0.442871
0.442871
0.442871
0.442871
0.442871
0.442871
0.442871
0.442871
0.442871
0.442871
0.442871
0.442871
0.442871
0.457157
0.457157
0.457157
0.457157
0.457157
0.457157
0.457157
0.457157
0.457157
0.457157
0.458586
0.460014
0.461443
0.462872
0.4643
0.465729
0.467157
0.468586
0.470015
0.471443
-0.600001
-0.600001
-0.600001
-0.600001
-0.600001
-0.600001
-0.600001
-0.600001
-0.600001
-0.600001
-0.600001
-0.585724
-0.585724
-0.585724
-0.585724
-0.585724
-0.585724
-0.585724
-0.585724
-0.585724
-0.585724
-0.542866
-0.542866
-0.542866
-0.542866
-0.542866
-0.542866
-0.542866
-0.542866
-0.542866
-0.542866
-0.109291
-0.111434
-0.113577
-0.11572
-0.117863
-0.120006
-0.122149
-0.124292
-0.126435
-0.128578
-0.130421
-0.132264
-0.134108
-0.135951
-0.137794
-0.139638
-0.141481
-0.143324
-0.145168
-0.147011
-0.148855
-0.150698
-0.152541
-0.154385
-0.156228
-0.158071
-0.159915
-0.161758
-0.163601
-0.165445
-0.167288
-0.169132
-0.170975
-0.172818
-0.174662
-0.176505
-0.178348
-0.180192
-0.182035
-0.183878
-0.185722
-0.187865
-0.190008
-0.192151
-0.194293
-0.196436
-0.198579
-0.200722
-0.202865
-0.205008
-0.207151
-0.209294
-0.211437
-0.21358
-0.215723
-0.217865
-0.220008
-0.222151
-0.224294
-0.226437
-0.22858
-0.22994
-0.231301
-0.232662
-0.234022
-0.235383
-0.236743
-0.238104
-0.239465
-0.240825
-0.242186
-0.243546
-0.244907
-0.246267
-0.247628
-0.248989
-0.250349
-0.25171
-0.25307
-0.254431
-0.255791
-0.257152
-0.258581
-0.260009
-0.261438
-0.262866
-0.264295
-0.265724
-0.267152
-0.268581
-0.270009
-0.271438
-0.272867
-0.274295
-0.275724
-0.277152
-0.278581
-0.28001
-0.281438
-0.282867
-0.284295
-0.285724
-0.287567
-0.289411
-0.291254
-0.293097
-0.294941
-0.296784
-0.298628
-0.300471
-0.302314
-0.304158
-0.306001
-0.307844
-0.309688
-0.311531
-0.313374
-0.315218
-0.317061
-0.318905
-0.320748
-0.322591
-0.324435
-0.326278
-0.328121
-0.329965
-0.331808
-0.333651
-0.335495
-0.337338
-0.339182
-0.341025
-0.342868
-0.344297
-0.345725
-0.347154
-0.348583
-0.350011
-0.35144
-0.352868
-0.354297
-0.355726
-0.357155
-0.358515
-0.359876
-0.361236
-0.362597
-0.363957
-0.365318
-0.366678
-0.368039
-0.3694
-0.37076
-0.372121
-0.373481
-0.374842
-0.376202
-0.377563
-0.378924
-0.380284
-0.381645
-0.383005
-0.384366
-0.385726
-0.387155
-0.388584
-0.390012
-0.391441
-0.392869
-0.394298
-0.395727
-0.397155
-0.398584
-0.400012
-0.401441
-0.40287
-0.404298
-0.405727
-0.407155
-0.408584
-0.410013
-0.411441
-0.41287
-0.428585
-0.429945
-0.431306
-0.432666
-0.434027
-0.435388
-0.436748
-0.438109
-0.439469
-0.44083
-0.44219
-0.443551
-0.444912
-0.446272
-0.447633
-0.448993
-0.450354
-0.451714
-0.453075
-0.454435
-0.455796
-0.457157
-0.458585
-0.460014
-0.461442
-0.462871
-0.4643
-0.465728
-0.467157
-0.468585
-0.470014
-0.471443
-0.472871
-0.4743
-0.475728
-0.477157
-0.478586
-0.480014
-0.481443
-0.482871
-0.4843
-0.485729
-0.485729
-0.485729
-0.485729
-0.485729
-0.485729
-0.485729
-0.485729
-0.485729
-0.485729
-0.485729
-0.500015
-0.498586
-0.497158
-0.495729
-0.4943
-0.492872
-0.491443
-0.490014
-0.488586
-0.487157
-0.414298
-0.410013
-0.405727
-0.401441
-0.397155
-0.392869
-0.388584
-0.384298
-0.380012
-0.375726
-0.30001
-0.297969
-0.295928
-0.293888
-0.291847
-0.289806
-0.287765
-0.285724
-0.283683
-0.281642
-0.279602
-0.277561
-0.27552
-0.273479
-0.271438
-0.269397
-0.267356
-0.265315
-0.263275
-0.261234
-0.259193
-0.257152
-0.252866
-0.24858
-0.244295
-0.240009
-0.235723
-0.231437
-0.227151
-0.222866
-0.21858
-0.214294
-0.210008
-0.205722
-0.201436
-0.197151
-0.192865
-0.188579
-0.184293
-0.180007
-0.175722
-0.171436
-0.168715
-0.165993
-0.163272
-0.160551
-0.15783
-0.155109
-0.152388
-0.149667
-0.146945
-0.144224
-0.141503
-0.138782
-0.136061
-0.13334
-0.130619
-0.127897
-0.125176
-0.122455
-0.119734
-0.117013
-0.114292
-0.112387
-0.110482
-0.108577
-0.106672
-0.104768
-0.102863
-0.100958
-0.0990532
-0.0971484
-0.0952436
-0.0933388
-0.091434
-0.0895292
-0.0876244
-0.0857196
-0.0838147
-0.0819099
-0.0800051
-0.0781003
-0.0761955
-0.0742907
-0.0723859
-0.0704811
-0.0685763
-0.0666715
-0.0647667
-0.0628619
-0.0609571
-0.0590522
-0.0571474
-0.0544263
-0.0517051
-0.048984
-0.0462628
-0.0435417
-0.0408205
-0.0380994
-0.0353782
-0.0326571
-0.0299359
-0.0272148
-0.0244936
-0.0217725
-0.0190513
-0.0163302
-0.013609
-0.0108879
-0.00816673
-0.00544558
-0.00272443
-3.30942e-006
0.00223764
0.00447859
0.00671953
0.00896048
0.0112014
0.0134424
0.0156833
0.0179243
0.0201652
0.0224062
0.0246471
0.0268881
0.029129
0.03137
0.0336109
0.0358519
0.0380928
0.0403338
0.0425747
0.0448157
0.0470566
0.0492975
0.0515385
0.0537794
0.0560204
0.0582613
0.0605023
0.0627432
0.0649842
0.0672251
0.0694661
0.071707
0.073948
0.0761889
0.0784299
0.0806708
0.0829118
0.0851527
0.0873937
0.0896346
0.0918756
0.0941165
0.0963575
0.0985984
0.100839
0.10308
0.105321
0.107562
0.109803
0.112044
0.114285
0.116326
0.118367
0.120408
0.122449
0.124489
0.12653
0.128571
0.130612
0.132653
0.134694
0.342862
0.342862
0.342862
0.342862
0.342862
0.342862
0.342862
0.342862
0.342862
0.342862
0.342862
0.342862
0.342862
0.342862
0.342862
0.342862
0.342862
0.342862
0.342862
0.342862
0.342862
0.31429
0.312862
0.311433
0.310004
0.308576
0.307147
0.305719
0.30429
0.302861
0.301433
0.185716
0.182859
0.180001
0.177144
0.174287
0.17143
0.168573
0.165715
0.162858
0.160001
0.0714276
0.0671418
0.062856
0.0585701
0.0542843
0.0499985
0.0457127
0.0414269
0.0371411
0.0328553
-2.61816e-006
-0.00519754
-0.0103925
-0.0155874
-0.0207823
-0.0259772
-0.0311722
-0.0363671
-0.041562
-0.0467569
-0.0519519
-0.128577
-0.131434
-0.134291
-0.137149
-0.140006
-0.142863
-0.14572
-0.148577
-0.151435
-0.154292
-0.185721
-0.192864
-0.200007
-0.20715
-0.214293
-0.221436
-0.228579
-0.235722
-0.242865
-0.250008
-0.285723
-0.291438
-0.297152
-0.302867
-0.308581
-0.314296
-0.32001
-0.325724
-0.331439
-0.337153
-0.685733
-0.685733
-0.685733
-0.685733
-0.685733
-0.685733
-0.685733
-0.685733
-0.685733
-0.685733
-0.685733
-0.685733
-0.685733
-0.685733
-0.685733
-0.685733
-0.685733
-0.685733
-0.685733
-0.685733
-0.685733
-0.685733
-0.685733
-0.685733
-0.685733
-0.685733
-0.685733
-0.685733
-0.685733
-0.685733
-0.685733
-0.685733
-0.684304
-0.682875
-0.681447
-0.680018
-0.67859
-0.677161
-0.675732
-0.674304
-0.672875
-0.671446
-0.670766
-0.670086
-0.669405
-0.668725
-0.668045
-0.667365
-0.666684
-0.666004
-0.665324
-0.664643
-0.663963
-0.663283
-0.662603
-0.661922
-0.661242
-0.660562
-0.659882
-0.659201
-0.658521
-0.657841
-0.657161
-0.657161
-0.657161
-0.657161
-0.657161
-0.657161
-0.657161
-0.657161
-0.657161
-0.657161
-0.557158
